0.00	    0	1689.08
0.00	    1	1679.67
0.00	    2	1678.92
0.00	    3	1668.84
0.00	    4	1662.66
0.00	    5	1653.48
0.00	    6	1628.79
0.00	    7	1628.21
0.00	    8	1580.04
0.00	    9	1577.54
0.00	   10	1553.54
0.00	   11	1549.50
0.00	   12	1545.58
0.00	   13	1545.20
0.00	   14	1523.54
0.00	   15	1487.69
0.00	   16	1481.77
0.00	   17	1475.78
0.00	   18	1454.42
0.00	   19	1444.22
0.00	   20	1434.35
0.00	   21	1400.79
0.00	   22	1332.99
0.00	   23	1322.04
0.00	   24	1301.75
0.00	   25	1274.16
0.00	   26	1264.06
0.00	   27	1258.82
0.00	   28	1247.26
0.00	   29	1228.55
0.00	   30	1227.27
0.00	   31	1216.55
0.00	   32	1215.37
0.00	   33	1209.47
0.00	   34	1203.76
0.00	   35	1196.59
0.00	   36	1187.55
0.00	   37	1172.53
0.00	   38	1167.45
0.00	   39	1132.39
0.00	   40	1122.23
